-8705
-6506
-4441
-141
-8836
-6776
-7864
-8349
-4037
-9766
-8684
-1114
-5985
-3266
-3716
-7105
-362
-2370
-9963
-3605
-1158
-4508
-468
-8386
-9522
-2079
-4125
-7348
-178
-3405
-7384
-2351
-7946
-1237
-2172
-314
-1183
-6019
-2330
-9925
-2760
-4750
-5574
-571
-768
-1691
-7236
-6285
-4640
-4530
-4138
-2080
-8211
-2497
-2233
-4647
-6356
-6781
-8064
-5025
-7866
-155
-6856
-8901
-9746
-6904
-4237
-8256
-1232
-3013
-8334
-7621
-9154
-8401
-4831
-4898
-6379
-4400
-3774
-2897
-446
-1726
-5036
-7566
-3631
-4674
-9351
-9568
-4440
-1550
-7577
-8652
-9791
-5120
-3936
-1599
-4243
-2583
-4405
-3799
