-8050
-2289
-6066
-6061
-2831
-1238
-7225
-9140
-1937
-3296
-8606
-8851
-5628
-8162
-6037
-4871
-1941
-5303
-4647
-6836
-7718
-1098
-2756
-924
-5785
-587
-7008
-6197
-5881
-1475
-1403
-2126
-9211
-6108
-8008
-7589
-9474
-5998
-5665
-6222
-2580
-4704
-4081
-7206
-7511
-3083
-945
-9361
-5904
-6581
-9051
-3781
-1370
-8475
-1402
-1744
-7604
-2638
-6595
-9042
-6728
-6616
-3006
-2061
-5650
-6644
-7344
-1600
-2277
-5063
-8288
-147
-7256
-5168
-3559
-5468
-7610
-1523
-8691
-5102
-3406
-2375
-7304
-6380
-6982
-405
-2782
-4403
-9882
-8645
-4385
-4384
-6624
-1177
-3857
-1111
-4806
-2472
-6147
-2827
-9775
-617
-4264
-3474
-5685
-7482
-3751
-3647
-1384
-7643
-7282
-5594
-7477
-4227
-7359
-7698
-5389
-1954
-2253
-8991
-9832
-2915
-8661
-7880
-9283
-8280
-9142
-1198
-9100
-3327
-2836
-7437
-1156
-9728
-9922
-5542
-263
-8197
-5373
-9020
-1992
-8349
-981
-2843
-2642
-3603
-2360
-7095
-7561
-4599
-4633
-5727
-8480
-5784
-1097
-1747
-619
-3391
-1088
-1057
-5976
-3843
-5117
-540
-598
-6658
-9796
-8938
-2844
-3959
-3662
-5350
-2547
-6234
-7882
-2280
-5141
-7022
-6261
-3576
-1039
-2963
-9322
-7558
-5338
-2107
-9221
-5334
-3205
-4948
-8559
-3717
-5931
-5280
-4466
-5481
-2949
-942
-8839
-5165
-8632
-8805
-4582
-6126
-8299
-7949
-3099
-2038
-1074
-460
-9063
-2977
-1629
-6431
-2555
-8949
-1680
-9137
-3921
-6502
-2055
-7737
-7077
-3514
-6533
-8262
-3038
-6264
-4727
-5667
-6691
-7959
-1811
-8504
-1891
-5867
-9751
-1643
-3787
-8993
-8591
-702
-766
-2513
-5725
-9162
-8611
-5638
-3330
-1008
-413
-9494
-3111
-2317
-1669
-9975
-3459
-8163
-1035
-9011
-4939
-5891
-7294
-536
-1045
-7253
-3013
-2208
-9778
-2761
-6051
-1263
-8576
-1589
-5253
-1113
-4127
-8668
-8861
-2854
-394
-5000
-3143
-9393
-7639
-7663
-5956
-9109
-1776
-5672
-2810
-2522
-6985
-5119
-2264
-2793
-1191
-8669
-425
-6514
-9511
-1588
-5376
-5255
-8336
-4054
-6827
-3135
-3830
-9118
-4974
-2932
-5626
-5492
-5151
-1632
-8035
-2445
-5337
-180
-4279
-7336
-9707
-6491
-9522
-7093
-4539
-889
-6640
-4844
-1900
-7517
-3190
-4565
-9431
-6864
-5689
-3113
-1630
-5598
-4482
-8069
-8001
-1234
-3833
-685
-3872
-7491
-1967
-9766
-4463
-1020
-2238
-7942
-3329
-4485
-8187
-4491
-9960
-5882
-6045
-6038
-3922
-7137
-774
-8181
-1377
-9496
-7932
-1752
-3227
-6492
-9989
-2249
-298
-7128
-8027
-3642
-6436
-4900
-8956
-1720
-7649
-8015
-4822
-7288
-7793
-6701
-5189
-5732
-4215
-9412
-1634
-4113
-2431
-1696
-4461
-7365
-6050
-7755
-9586
-8269
-48
-9548
-689
-3120
-6530
-8511
-4924
-914
-9105
-8907
-8894
-625
-9724
-8686
-3923
-6711
-7140
-3247
-469
-274
-3388
-2835
-472
-1802
-7376
-9583
-9064
-7593
-8725
-3570
-3519
-6590
-7625
-8531
-7170
-4714
-8690
-6324
-7864
-745
-7837
-441
-1253
-6774
-7557
-3304
-8359
-2934
-779
-5856
-8352
-4719
-3045
-6664
-3491
-3139
-37
-8237
-5578
-9504
-4603
-6828
-2369
-5712
-4635
-1539
-8194
-7179
-361
-1416
-1399
-392
-9623
-4228
-3911
-9942
-9557
-7673
-5898
-3632
-3686
-9919
-5053
-1766
-7901
-7213
-6742
-5394
-9370
-2532
-2260
-3204
-7614
-1389
-9761
-2721
-884
-2922
